optvel, fluxJy
2500.340998,-0.001695
2505.580259,-0.002580
2510.819703,-0.002110
2516.059327,-0.002431
2521.299133,-0.006103
2526.539121,-0.007956
2531.779291,-0.006416
2537.019642,-0.005166
2542.260175,-0.006415
2547.500890,-0.007363
2552.741786,-0.004810
2557.982864,-0.002606
2563.224124,-0.002708
2568.465565,-0.003126
2573.707188,-0.002149
2578.948993,-0.001136
2584.190980,-0.003204
2589.433148,-0.006003
2594.675499,-0.004804
2599.918030,-0.002011
2605.160744,-0.001158
2610.403640,-0.001367
2615.646717,-0.001305
2620.889976,0.001698
2626.133417,0.005308
2631.377040,0.004308
2636.620844,0.001837
2641.864831,0.001078
2647.108999,0.001162
2652.353350,0.000910
2657.597882,-0.000037
2662.842596,-0.000914
2668.087491,-0.000839
2673.332569,0.001656
2678.577829,0.001439
2683.823271,-0.001303
2689.068894,-0.000002
2694.314700,0.001355
2699.560687,0.000238
2704.806856,-0.000793
2710.053208,-0.002613
2715.299741,-0.004201
2720.546457,-0.002554
2725.793354,0.000681
2731.040433,0.002476
2736.287695,0.000526
2741.535138,-0.000634
2746.782764,0.002269
2752.030571,0.005507
2757.278561,0.005106
2762.526732,0.000945
2767.775086,0.000918
2773.023622,0.003139
2778.272340,0.002582
2783.521240,0.000874
2788.770322,-0.001350
2794.019586,-0.001307
2799.269033,0.000577
2804.518661,0.000556
2809.768472,0.000097
2815.018465,0.000101
2820.268640,-0.000208
2825.518997,-0.001115
2830.769536,-0.002185
2836.020258,-0.004127
2841.271162,-0.004022
2846.522248,-0.000791
2851.773516,-0.000822
2857.024967,-0.002308
2862.276599,0.000544
2867.528414,0.004324
2872.780412,0.003093
2878.032591,0.001993
2883.284953,0.004305
2888.537497,0.005609
2893.790223,0.003852
2899.043132,-0.000531
2904.296223,-0.003086
2909.549497,-0.002145
2914.802952,-0.000899
2920.056591,0.002081
2925.310411,0.003544
2930.564414,-0.002009
2935.818599,-0.006409
2941.072967,-0.005913
2946.327517,-0.004226
2951.582249,-0.001406
2956.837164,0.000016
2962.092261,-0.000669
2967.347541,-0.000955
2972.603003,-0.001394
2977.858648,-0.001318
2983.114475,-0.000184
2988.370484,0.001213
2993.626676,0.001087
2998.883051,-0.000646
3004.139608,-0.001177
3009.396348,-0.001667
3014.653270,0.000051
3019.910374,0.002408
3025.167661,0.000085
3030.425131,-0.001905
3035.682783,-0.000511
3040.940618,0.002653
3046.198636,0.002586
3051.456836,-0.000889
3056.715218,-0.001911
3061.973783,-0.000380
3067.232531,0.000436
3072.491462,0.000715
3077.750575,0.002394
3083.009871,0.003353
3088.269349,0.000769
3093.529010,-0.003559
3098.788854,-0.005471
3104.048880,-0.004563
3109.309089,-0.001448
3114.569481,0.000795
3119.830056,0.000296
3125.090813,-0.000119
3130.351753,-0.000865
3135.612876,-0.001250
3140.874181,-0.000087
3146.135670,0.000884
3151.397341,0.002515
3156.659194,0.002754
3161.921231,0.001354
3167.183450,0.001681
3172.445853,0.001320
3177.708438,-0.000750
3182.971206,-0.000849
3188.234156,-0.000732
3193.497290,-0.001035
3198.760606,-0.000519
3204.024105,-0.000852
3209.287788,-0.000816
3214.551653,-0.000404
3219.815701,-0.001451
3225.079931,-0.000195
3230.344345,0.003118
3235.608942,0.001791
3240.873721,-0.002777
3246.138684,-0.005065
3251.403829,-0.003507
3256.669158,0.000426
3261.934669,0.001145
3267.200364,-0.001352
3272.466241,-0.004560
3277.732302,-0.005019
3282.998545,-0.002067
3288.264971,-0.000748
3293.531581,0.000120
3298.798373,0.000804
3304.065349,-0.000359
3309.332508,0.001600
3314.599849,0.004370
3319.867374,0.004261
3325.135082,0.001598
3330.402973,0.000708
3335.671047,0.002316
3340.939304,0.001592
3346.207744,0.000791
3351.476368,0.003263
3356.745174,0.003044
3362.014164,0.000092
3367.283337,0.001447
3372.552693,0.002590
3377.822232,0.000502
3383.091954,0.000518
3388.361860,0.000798
3393.631949,0.001571
3398.902221,0.003540
3404.172676,0.001643
3409.443315,-0.001246
3414.714136,-0.002624
3419.985141,-0.002871
3425.256330,-0.000830
3430.527701,-0.000149
3435.799256,-0.000427
3441.070994,0.000283
3446.342915,0.000580
3451.615020,0.000127
3456.887308,0.000565
3462.159780,0.002448
3467.432435,0.002558
3472.705273,0.003117
3477.978294,0.002202
3483.251499,-0.001339
3488.524887,-0.001761
3493.798459,-0.001002
3499.072214,-0.000469
3504.346152,-0.000270
3509.620274,-0.001443
3514.894579,-0.001743
3520.169068,0.000229
3525.443740,0.000632
3530.718596,-0.002147
3535.993635,-0.003052
3541.268858,-0.001634
3546.544264,-0.000507
3551.819853,0.000986
3557.095626,0.001273
3562.371583,0.000041
3567.647723,0.001721
3572.924047,0.003026
3578.200554,0.002429
3583.477244,0.002256
3588.754119,0.000337
3594.031177,0.000118
3599.308418,0.002702
3604.585843,0.001924
3609.863452,-0.000242
3615.141244,-0.000257
3620.419220,-0.001108
3625.697380,-0.002564
3630.975723,-0.001365
3636.254249,0.002594
3641.532960,0.001790
3646.811854,-0.002217
3652.090932,-0.002630
3657.370193,-0.001820
3662.649639,-0.001419
3667.929268,-0.001825
3673.209080,-0.001895
3678.489077,-0.001964
3683.769257,-0.003878
3689.049620,-0.004387
3694.330168,-0.003647
3699.610899,-0.001569
3704.891815,0.002163
3710.172913,0.002289
3715.454196,0.000033
3720.735663,0.001593
3726.017313,0.003618
3731.299147,0.000423
3736.581165,-0.002692
3741.863367,-0.001427
3747.145753,0.002022
3752.428322,0.003225
3757.711076,0.000405
3762.994013,-0.001668
3768.277134,-0.001442
3773.560439,-0.002228
3778.843928,-0.003317
3784.127601,-0.002858
3789.411458,-0.002631
3794.695499,-0.001532
3799.979723,-0.000094
3805.264132,-0.000493
3810.548725,-0.000915
3815.833501,0.000389
3821.118462,0.000997
3826.403607,0.000922
3831.688935,0.001124
3836.974448,0.000151
3842.260144,-0.001081
3847.546025,-0.000321
3852.832090,0.002386
3858.118339,0.002508
3863.404771,0.000222
3868.691388,-0.000658
3873.978189,-0.001208
3879.265174,-0.000562
3884.552344,0.000894
3889.839697,0.002462
3895.127234,0.003847
3900.414956,0.004137
3905.702862,0.004452
3910.990951,0.002885
3916.279225,0.000281
3921.567684,-0.000679
3926.856326,-0.000815
3932.145152,-0.000915
3937.434163,-0.002169
3942.723358,-0.001765
3948.012737,0.000542
3953.302301,0.001741
3958.592048,0.002492
3963.881980,0.002435
3969.172096,0.001650
3974.462397,0.000173
3979.752881,-0.000843
3985.043550,-0.001410
3990.334404,-0.003437
3995.625441,-0.002690
4000.916663,-0.000507
4006.208069,-0.001007
4011.499660,-0.002057
4016.791434,-0.000633
4022.083394,0.002990
4027.375537,0.003970
4032.667865,0.001767
4037.960377,0.000617
4043.253074,0.000067
4048.545955,-0.000878
4053.839021,-0.000197
4059.132271,0.000528
4064.425705,-0.000648
4069.719324,-0.000273
4075.013127,0.000920
4080.307115,0.000310
4085.601287,-0.000341
4090.895644,0.000003
4096.190185,0.001152
4101.484910,0.001345
4106.779821,0.000956
4112.074915,0.001558
4117.370194,0.000817
4122.665658,-0.000966
4127.961306,-0.001306
4133.257139,-0.002433
4138.553157,-0.002261
4143.849358,0.000478
4149.145745,0.000748
4154.442316,0.000813
4159.739072,0.001637
4165.036012,0.001038
4170.333137,-0.000393
4175.630447,-0.000338
4180.927941,0.001016
4186.225620,0.001504
4191.523483,0.000732
4196.821532,0.001309
4202.119764,0.002049
4207.418182,0.000951
4212.716784,-0.000327
4218.015571,-0.002931
4223.314543,-0.004133
4228.613699,-0.000191
4233.913041,0.002596
4239.212567,-0.000320
4244.512277,-0.003843
4249.812173,-0.003111
4255.112253,-0.002677
4260.412518,-0.003251
4265.712968,-0.001087
4271.013602,0.000612
4276.314422,0.001163
4281.615426,0.000794
4286.916615,0.000124
4292.217989,0.001381
4297.519548,0.003121
4302.821291,0.003182
4308.123220,0.003242
4313.425333,0.004069
4318.727632,0.001409
4324.030115,-0.000908
4329.332783,-0.000092
4334.635636,0.000632
4339.938674,-0.000446
4345.241897,-0.002128
4350.545305,-0.001029
4355.848897,0.000608
4361.152675,0.001772
4366.456638,0.002569
4371.760786,0.000183
4377.065118,-0.004389
4382.369636,-0.005589
4387.674339,-0.002704
4392.979227,-0.001428
4398.284299,-0.001719
4403.589557,0.000132
4408.895000,0.001299
4414.200628,-0.000280
4419.506441,-0.001751
4424.812439,-0.000407
4430.118623,0.000975
4435.424991,-0.001083
4440.731545,-0.000911
4446.038283,0.000022
4451.345207,-0.000370
4456.652316,0.000091
4461.959610,-0.000319
4467.267089,-0.000030
4472.574753,0.000566
4477.882603,-0.000121
4483.190638,-0.001611
4488.498858,-0.002691
4493.807263,-0.002419
4499.115853,-0.001847
4504.424629,-0.000161
4509.733590,-0.000118
4515.042736,-0.001159
4520.352067,0.000970
4525.661584,0.002600
4530.971285,0.000418
4536.281173,-0.000954
4541.591245,0.001491
4546.901503,0.003391
4552.211946,0.001197
4557.522575,-0.001481
4562.833388,0.000307
4568.144387,0.001455
4573.455572,-0.000447
4578.766942,0.000709
4584.078497,0.002029
4589.390238,0.000718
4594.702164,0.000334
4600.014275,-0.002129
4605.326572,-0.004971
4610.639054,-0.003696
4615.951722,-0.001269
4621.264575,-0.000164
4626.577614,-0.000926
4631.890838,-0.001027
4637.204247,-0.001707
4642.517842,-0.003687
4647.831623,-0.003769
4653.145589,-0.000489
4658.459740,0.003562
4663.774077,0.003487
4669.088600,0.000126
4674.403308,0.000039
4679.718202,0.000223
4685.033281,-0.002336
4690.348546,-0.000849
4695.663996,0.001389
4700.979632,-0.000797
4706.295454,-0.001720
4711.611461,-0.000309
4716.927654,0.000809
4722.244032,0.001010
4727.560596,0.000926
4732.877346,0.004297
4738.194281,0.005956
4743.511402,0.002033
4748.828709,-0.001864
4754.146201,-0.001959
4759.463880,0.000098
4764.781743,0.002393
4770.099793,0.004421
4775.418028,0.003525
4780.736449,0.001783
4786.055056,0.001948
4791.373848,0.001520
4796.692827,-0.000002
4802.011991,-0.002757
4807.331340,-0.003600
4812.650876,0.001352
4817.970597,0.004302
4823.290505,0.000741
4828.610598,-0.001943
4833.930877,-0.000665
4839.251341,0.001531
4844.571992,0.000543
4849.892828,-0.000679
4855.213851,0.000838
4860.535059,0.000207
4865.856453,-0.001851
4871.178033,-0.001824
4876.499799,-0.000875
4881.821751,-0.001919
4887.143888,-0.001865
4892.466212,0.000838
4897.788722,0.000359
4903.111417,-0.000745
4908.434299,0.000572
4913.757367,0.002649
4919.080620,0.005709
4924.404060,0.008300
4929.727685,0.008420
4935.051497,0.007836
4940.375494,0.008919
4945.699678,0.007932
4951.024048,0.006349
4956.348603,0.006432
4961.673345,0.007619
4966.998273,0.009083
4972.323387,0.007693
4977.648687,0.005978
4982.974173,0.005077
4988.299846,0.004764
4993.625704,0.004012
4998.951749,0.001801
5004.277979,-0.000729
5009.604396,-0.002160
5014.930999,-0.001630
5020.257788,-0.001500
5025.584764,-0.001341
5030.911925,-0.000424
5036.239273,0.000457
5041.566807,-0.000984
5046.894527,-0.004085
5052.222434,-0.004786
5057.550526,-0.002437
5062.878805,0.001160
5068.207271,0.002844
5073.535922,0.001276
5078.864760,0.001179
5084.193784,0.002116
5089.522994,0.000248
5094.852391,-0.001986
5100.181974,-0.003761
5105.511743,-0.003897
5110.841699,-0.001450
5116.171841,-0.000677
5121.502169,-0.002008
5126.832684,-0.002233
5132.163385,0.000561
5137.494273,0.003191
5142.825346,0.001698
5148.156607,-0.000536
5153.488054,0.000385
5158.819687,0.000960
5164.151506,0.001607
5169.483512,0.003276
5174.815705,0.002644
5180.148084,0.001147
5185.480649,0.000389
5190.813401,-0.000344
5196.146340,-0.001156
5201.479465,-0.002786
5206.812776,-0.001667
5212.146274,0.000513
5217.479959,0.001104
5222.813830,0.002659
5228.147887,0.002324
5233.482131,0.000551
5238.816562,-0.002020
5244.151179,-0.005514
5249.485983,-0.005243
5254.820974,-0.001104
5260.156151,0.000473
5265.491515,-0.000854
5270.827065,-0.001390
5276.162802,-0.000449
5281.498726,0.000053
5286.834837,-0.001693
5292.171134,-0.001701
5297.507617,0.000006
5302.844288,0.000204
5308.181145,0.000159
5313.518189,0.000290
5318.855419,0.000273
5324.192837,-0.000286
5329.530441,-0.002977
5334.868231,-0.002980
5340.206209,0.000096
5345.544373,-0.000239
5350.882724,-0.001603
5356.221262,0.000257
5361.559987,0.001758
5366.898898,0.000184
5372.237997,-0.001101
5377.577282,0.001656
5382.916754,0.004460
5388.256413,0.003500
5393.596259,0.002650
5398.936291,0.001833
5404.276511,0.001373
5409.616917,0.002170
5414.957510,0.001434
5420.298290,0.000374
5425.639257,0.000880
5430.980411,0.002021
5436.321752,0.001737
5441.663280,-0.001769
5447.004995,-0.003735
5452.346897,-0.002647
5457.688986,-0.000492
5463.031261,0.000079
5468.373724,-0.001364
5473.716374,-0.000686
5479.059211,-0.000340
5484.402235,-0.001663
5489.745445,0.000179
5495.088843,0.001781
5500.432428,-0.001523
5505.776200,-0.003152
5511.120159,-0.000032
5516.464306,0.002434
5521.808639,0.002361
5527.153159,0.002124
5532.497867,0.002427
5537.842761,0.003557
5543.187843,0.004200
5548.533112,0.001208
5553.878568,-0.002427
5559.224211,-0.001820
5564.570042,-0.000245
5569.916059,-0.002138
5575.262264,-0.003036
5580.608656,-0.000278
5585.955235,0.001529
5591.302002,0.002248
5596.648955,0.003983
5601.996096,0.004413
5607.343424,0.001545
5612.690940,-0.000345
5618.038642,0.000807
5623.386532,0.000276
5628.734610,-0.000659
5634.082874,0.000623
5639.431326,0.000323
5644.779965,-0.001810
5650.128792,-0.002882
5655.477805,-0.002742
5660.827007,-0.001815
5666.176395,-0.000096
5671.525971,0.002291
5676.875734,0.002113
5682.225685,0.000116
5687.575823,-0.001462
5692.926149,-0.003370
5698.276662,-0.001545
5703.627362,0.000692
5708.978250,0.000177
5714.329325,0.000799
5719.680588,-0.000474
5725.032038,-0.002580
5730.383676,-0.000010
5735.735501,0.002519
5741.087513,0.001211
5746.439714,-0.000897
5751.792101,-0.001359
5757.144677,0.000226
5762.497439,0.001941
5767.850390,0.000417
5773.203527,-0.000710
5778.556853,0.001311
5783.910366,0.000836
5789.264066,-0.001383
5794.617955,-0.001133
5799.972030,0.000011
5805.326294,0.000647
5810.680745,-0.000148
5816.035383,-0.001066
5821.390210,0.000327
5826.745224,0.000496
5832.100425,-0.001136
5837.455815,-0.001412
5842.811392,-0.001565
5848.167156,-0.001504
5853.523109,0.000848
5858.879249,0.002392
5864.235577,0.001546
5869.592092,-0.000614
5874.948795,-0.001103
5880.305687,0.000758
5885.662765,0.001070
5891.020032,0.001017
5896.377486,0.001946
5901.735129,0.000546
5907.092959,-0.002309
5912.450976,-0.003179
5917.809182,-0.002019
5923.167575,-0.001661
5928.526157,-0.003389
5933.884926,-0.005514
5939.243883,-0.004599
5944.603028,-0.002252
5949.962361,-0.000967
5955.321881,0.000396
5960.681590,-0.000543
5966.041486,-0.000908
5971.401571,0.000657
5976.761843,-0.001007
5982.122303,-0.002462
5987.482952,-0.000472
5992.843788,-0.000106
5998.204812,0.000983
6003.566024,0.003706
6008.927424,0.002173
6014.289012,0.000394
6019.650789,-0.001061
6025.012753,-0.001846
6030.374905,0.001149
6035.737245,0.002010
6041.099773,0.001365
6046.462490,0.002263
6051.825394,0.001025
6057.188487,-0.000478
6062.551767,0.000900
6067.915236,0.002227
6073.278893,0.001643
6078.642738,0.002492
6084.006771,0.002742
6089.370992,0.001098
6094.735402,0.001575
6100.099999,0.001518
6105.464785,0.000613
6110.829759,0.001228
6116.194921,0.000946
6121.560271,0.001248
6126.925809,0.001317
6132.291536,-0.001643
6137.657451,-0.003479
6143.023554,-0.001723
6148.389846,-0.001914
6153.756325,-0.003295
6159.122993,-0.001508
6164.489849,0.000261
6169.856894,0.001418
6175.224127,0.000111
6180.591548,-0.000529
6185.959157,0.001498
6191.326955,0.000508
6196.694941,-0.002025
6202.063116,-0.001536
6207.431478,-0.000275
6212.800030,0.000190
6218.168769,0.002145
6223.537697,0.003596
6228.906813,0.002028
6234.276118,-0.000951
6239.645611,-0.003051
6245.015293,-0.001599
6250.385163,0.000816
6255.755221,-0.000355
6261.125468,-0.000491
6266.495904,0.002646
6271.866528,0.002307
6277.237340,-0.000559
6282.608341,-0.000029
6287.979530,0.001631
6293.350908,0.001963
6298.722475,0.003401
6304.094229,0.003622
6309.466173,0.001059
6314.838305,-0.000113
6320.210626,0.001382
6325.583135,0.001829
6330.955833,-0.000248
6336.328719,-0.001576
6341.701794,-0.001452
6347.075058,-0.001554
6352.448510,-0.001361
6357.822151,0.000447
6363.195980,0.001347
6368.569998,0.000074
6373.944205,-0.000296
6379.318601,0.001646
6384.693185,0.003571
6390.067958,0.002069
6395.442919,0.001236
6400.818070,0.001575
6406.193409,-0.001046
6411.568937,-0.002979
6416.944653,-0.002043
6422.320558,-0.001322
6427.696652,-0.000331
6433.072935,0.001955
6438.449407,0.002316
6443.826067,0.001255
6449.202916,-0.000064
6454.579954,-0.000911
6459.957181,0.001631
6465.334597,0.002304
6470.712201,-0.000713
6476.089995,-0.002310
6481.467977,-0.004038
6486.846148,-0.003888
6492.224508,0.000079
6497.603057,0.002016
6502.981795,0.000930
6508.360722,-0.000269
6513.739837,-0.001555
6519.119142,-0.000985
6524.498635,-0.000519
6529.878318,-0.001215
6535.258189,0.000799
6540.638250,0.001886
6546.018499,-0.001832
6551.398937,-0.004390
6556.779565,-0.001047
6562.160381,0.001180
6567.541387,-0.002072
6572.922581,-0.003200
6578.303965,0.000363
6583.685537,0.000962
6589.067299,-0.002247
6594.449250,-0.002565
6599.831389,-0.001284
6605.213718,-0.001917
6610.596236,-0.001756
6615.978943,0.001115
6621.361840,0.001737
6626.744925,0.000694
6632.128199,0.003106
6637.511663,0.002832
6642.895316,-0.001304
6648.279158,-0.000759
6653.663189,0.001224
6659.047409,0.000702
6664.431819,-0.002564
6669.816418,-0.005268
6675.201206,-0.003349
6680.586183,-0.001738
6685.971350,-0.003228
6691.356705,-0.003234
6696.742250,-0.001066
6702.127985,-0.000111
6707.513908,0.000121
6712.900021,0.000545
6718.286323,-0.000838
6723.672815,-0.002007
6729.059495,-0.000178
6734.446365,-0.000223
6739.833425,-0.003434
6745.220674,-0.002426
6750.608112,0.000138
6755.995739,-0.000028
6761.383556,0.000384
6766.771563,0.001779
6772.159758,0.002663
6777.548144,0.002640
6782.936718,0.002512
6788.325482,0.001423
6793.714436,-0.000395
6799.103579,-0.001525
6804.492911,-0.001100
6809.882433,0.001273
6815.272144,0.002357
6820.662045,-0.000160
6826.052135,-0.000049
6831.442415,0.002053
6836.832884,0.001505
6842.223543,0.000193
6847.614392,-0.000258
6853.005430,0.000713
6858.396657,0.003166
6863.788074,0.003965
6869.179681,0.001307
6874.571477,0.000708
6879.963463,0.003326
6885.355639,0.003547
6890.748004,0.001441
6896.140559,0.001001
6901.533303,0.001391
6906.926237,-0.000773
6912.319361,-0.002765
6917.712674,-0.002653
6923.106177,-0.000955
6928.499870,0.000602
6933.893753,0.001353
6939.287825,0.001559
6944.682087,-0.000274
6950.076538,-0.002256
6955.471180,-0.002307
6960.866011,-0.000861
6966.261032,-0.000120
6971.656242,0.000456
6977.051643,0.001417
6982.447233,0.000660
6987.843013,-0.000940
6993.238983,-0.002728
6998.635143,-0.003886
7004.031492,-0.005068
7009.428032,-0.004490
7014.824761,-0.000031
7020.221680,0.002619
7025.618789,0.002701
7031.016088,0.001447
7036.413576,-0.001326
7041.811255,-0.000301
7047.209124,0.002391
7052.607182,0.002512
7058.005431,0.002678
7063.403869,0.001566
7068.802497,-0.000079
7074.201315,-0.000849
7079.600324,-0.000382
7084.999522,0.001005
7090.398910,0.001156
7095.798488,-0.001174
7101.198257,-0.004033
7106.598215,-0.001396
7111.998363,0.001867
7117.398701,0.001203
7122.799230,0.000076
7128.199948,-0.000156
7133.600857,0.001047
7139.001955,0.003252
7144.403244,0.001764
7149.804723,-0.003071
7155.206392,-0.004483
7160.608251,-0.002247
7166.010300,0.000302
7171.412539,0.001609
7176.814969,0.001679
7182.217589,0.003014
7187.620398,0.004815
7193.023398,0.005110
7198.426589,0.002722
7203.829969,-0.001591
7209.233540,-0.001149
7214.637300,0.001990
7220.041252,-0.001150
7225.445393,-0.005367
7230.849724,-0.002720
7236.254246,0.000345
7241.658958,-0.000387
7247.063861,-0.000154
7252.468953,0.002246
7257.874236,0.003501
7263.279710,0.000451
7268.685373,-0.002388
7274.091227,-0.000964
7279.497272,0.002640
7284.903506,0.003656
7290.309931,0.001453
7295.716547,0.000816
7301.123353,0.001430
7306.530349,0.000090
7311.937535,-0.002206
7317.344912,-0.002030
7322.752480,-0.000267
7328.160238,0.000232
7333.568186,-0.000402
7338.976325,0.000393
7344.384654,0.002501
7349.793174,0.002342
7355.201884,0.001144
7360.610785,0.000137
7366.019876,-0.000372
7371.429158,0.001302
7376.838630,0.001040
7382.248293,-0.002224
7387.658146,-0.004203
7393.068190,-0.003298
7398.478424,-0.001201
7403.888849,-0.000584
7409.299465,-0.001533
7414.710271,-0.001385
7420.121268,-0.000532
7425.532455,-0.001615
7430.943833,-0.002662
7436.355402,-0.001600
7441.767161,-0.000447
7447.179111,-0.000985
7452.591252,-0.001080
7458.003583,0.000671
7463.416106,0.001475
7468.828818,0.000606
7474.241722,0.000733
7479.654816,0.000522
7485.068101,-0.001006
7490.481576,-0.000567
7495.895243,0.000411
7501.309100,-0.000183
7506.723148,-0.000875
7512.137386,-0.001016
7517.551816,-0.000622
7522.966436,-0.000149
7528.381247,0.000513
7533.796249,0.000836
7539.211442,0.001770
7544.626825,0.001582
7550.042400,-0.003164
7555.458165,-0.004477
7560.874121,-0.000459
7566.290268,0.000190
7571.706606,-0.000335
7577.123135,0.000631
7582.539854,0.001381
7587.956765,0.001358
7593.373867,-0.003702
7598.791159,-0.007011
7604.208643,-0.004703
7609.626317,-0.001617
7615.044182,0.002965
7620.462239,0.004927
7625.880486,0.002162
7631.298924,0.000791
7636.717554,0.002372
7642.136374,0.001075
7647.555385,-0.000728
7652.974588,0.001493
7658.393981,0.002521
7663.813566,-0.000246
7669.233342,-0.002608
7674.653308,-0.002319
7680.073466,-0.001436
7685.493815,0.000346
7690.914355,0.003014
7696.335086,0.005647
7701.756008,0.005555
7707.177122,0.002235
7712.598426,0.001641
7718.019922,0.002179
7723.441609,0.002021
7728.863487,0.001191
7734.285556,-0.001554
7739.707817,-0.001972
7745.130268,0.000615
7750.552911,0.001342
7755.975745,0.000452
7761.398771,0.001031
7766.821987,0.000061
7772.245395,-0.000332
7777.668994,0.001638
7783.092785,-0.000225
7788.516766,-0.003043
7793.940939,-0.003711
7799.365304,-0.003052
7804.789859,-0.001255
7810.214606,-0.000392
7815.639545,-0.000008
7821.064675,0.002466
7826.489996,0.003642
7831.915508,0.000221
7837.341212,-0.001901
7842.767107,-0.002472
7848.193194,-0.004622
7853.619472,-0.003889
7859.045941,-0.001488
7864.472602,-0.002069
7869.899454,-0.002152
7875.326498,-0.000655
7880.753733,-0.001427
7886.181160,-0.003041
7891.608778,0.000219
7897.036588,0.004072
7902.464589,0.004262
7907.892782,0.004248
7913.321166,0.002841
7918.749742,0.001532
7924.178510,-0.000072
7929.607468,-0.001934
7935.036619,-0.000321
7940.465961,0.002565
7945.895495,0.003436
7951.325220,0.001391
7956.755137,0.002315
